R constraint, min Cost

0 0 0 0 0 1 1 0 2 0 0 2 
0 0 0 1 0 0 0 1 0 0 0 0 
0 0 0 0 0 1 0 0 0 1 0 0 
0 1 0 0 0 0 0 0 2 0 0 0 
0 0 0 0 0 1 0 0 0 0 1 0 
1 0 1 0 1 0 0 0 0 0 0 0 
1 0 0 0 0 0 0 0 0 0 0 0 
0 1 0 0 0 0 0 0 0 0 0 0 
2 0 0 2 0 0 0 0 0 0 0 0 
0 0 1 0 0 0 0 0 0 0 0 0 
0 0 0 0 1 0 0 0 0 0 0 0 
2 0 0 0 0 0 0 0 0 0 0 0 
Matrix Network = 0,0,0,0,1,1,0,2,0,0,2,0,1,0,0,0,1,0,0,0,0,0,0,1,0,0,0,1,0,0,0,0,0,0,2,0,0,0,1,0,0,0,0,1,0,0,0,0,0,0,0,0,0,0,0,0,0,0,0,0,0,0,0,0,0,0
12 and 0
Cost = 194.0
Reliability = 0.5168942861816761

***********************************************************************

Cost constraint, max R

0 0 0 0 0 1 2 0 2 0 0 3 
0 0 0 2 0 0 0 1 0 0 0 0 
0 0 0 0 0 1 0 0 0 1 0 0 
0 2 0 0 0 0 0 0 2 0 0 0 
0 0 0 0 0 2 0 0 0 0 2 0 
1 0 1 0 2 0 0 0 0 0 0 0 
2 0 0 0 0 0 0 0 0 0 0 0 
0 1 0 0 0 0 0 0 0 0 0 0 
2 0 0 2 0 0 0 0 0 0 0 0 
0 0 1 0 0 0 0 0 0 0 0 0 
0 0 0 0 2 0 0 0 0 0 0 0 
3 0 0 0 0 0 0 0 0 0 0 0 
Matrix Network = 0,0,0,0,1,2,0,2,0,0,3,0,2,0,0,0,1,0,0,0,0,0,0,1,0,0,0,1,0,0,0,0,0,0,2,0,0,0,2,0,0,0,0,2,0,0,0,0,0,0,0,0,0,0,0,0,0,0,0,0,0,0,0,0,0,0
Cost = 262.0
Reliability = 0.8100387857802117

*********************************************************************